# angular frequency - real part of sigma_xx - imaginary part of sigma_xx
0.50 2.62507 0.0124225
0.55 2.70233 0.0113538
0.60 2.76988 0.0112267
0.65 2.83426 0.0116894
0.70 2.89953 0.0125782
0.75 2.96852 0.0138250
0.80 3.04352 0.0154174
0.85 3.12664 0.0173811
0.90 3.22008 0.0197749
0.95 3.32634 0.0226927
1.00 3.44845 0.0262729
1.05 3.59023 0.0307148
1.10 3.75667 0.0363080
1.15 3.95454 0.0434814
1.20 4.19318 0.0528891
1.25 4.48607 0.0655664
1.30 4.85329 0.0832283
1.35 5.32622 0.108884
1.40 5.95682 0.148212
1.45 6.83773 0.212994
1.500 8.15174 0.331088
1.505 8.31944 0.348018
1.510 8.49575 0.366273
1.515 8.68136 0.385996
1.520 8.87702 0.407348
1.525 9.08356 0.430514
1.530 9.30191 0.455705
1.535 9.53310 0.483163
1.540 9.77829 0.513169
1.545 10.0388 0.546048
1.550 10.3161 0.582178
1.555 10.6118 0.622001
1.560 10.9278 0.666038
1.565 11.2663 0.714904
1.570 11.6297 0.769330
1.575 12.0209 0.830191
1.580 12.4432 0.898541
1.585 12.9004 0.975658
1.590 13.3968 1.06310
1.595 13.9379 1.16280
1.600 14.5298 1.27715
1.601 14.6548 1.30203
1.602 14.7823 1.32764
1.603 14.9123 1.35401
1.604 15.0447 1.38116
1.605 15.1798 1.40915
1.606 15.3176 1.43798
1.607 15.4581 1.46771
1.608 15.6014 1.49836
1.609 15.7477 1.52998
1.610 15.8970 1.56261
1.611 16.0494 1.59629
1.612 16.2050 1.63106
1.613 16.3639 1.66697
1.614 16.5262 1.70408
1.615 16.6921 1.74244
1.616 16.8615 1.78209
1.617 17.0348 1.82312
1.618 17.2119 1.86556
1.619 17.3930 1.90950
1.620 17.5782 1.95500
1.621 17.7678 2.00213
1.622 17.9617 2.05099
1.623 18.1603 2.10164
1.624 18.3636 2.15418
1.625 18.5718 2.20870
1.626 18.7851 2.26531
1.627 19.0037 2.32411
1.628 19.2277 2.38521
1.629 19.4574 2.44874
1.630 19.6930 2.51482
1.631 19.9347 2.58359
1.632 20.1828 2.65521
1.633 20.4375 2.72982
1.634 20.6989 2.80760
1.635 20.9676 2.88872
1.636 21.2436 2.97339
1.637 21.5274 3.06180
1.638 21.8191 3.15418
1.639 22.1193 3.25077
1.640 22.4281 3.35182
1.641 22.7461 3.45762
1.643 23.4109 3.68467
1.644 23.7585 3.80659
1.645 24.1170 3.93460
1.646 24.4868 4.06910
1.648 25.2623 4.35941
1.649 25.6692 4.51622
1.650 26.0896 4.68154
1.651 26.5243 4.85599
1.652 26.9738 5.04024
1.653 27.4391 5.23504
1.654 27.9207 5.44118
1.655 28.4196 5.65957
1.656 28.9366 5.89117
1.657 29.4727 6.13705
1.658 30.0288 6.39838
1.659 30.6060 6.67647
1.660 31.2055 6.97276
1.661 31.8284 7.28883
1.662 32.4760 7.62645
1.663 33.1496 7.98757
1.664 33.8507 8.37438
1.665 34.5806 8.78932
1.666 35.3411 9.23509
1.667 36.1337 9.71477
1.668 36.9602 10.2317
1.669 37.8225 10.7899
1.670 38.7224 11.3935
1.671 39.6618 12.0476
1.672 40.6428 12.7576
1.673 41.6673 13.5299
1.674 42.7374 14.3716
1.675 43.8549 15.2910
1.676 45.0215 16.2973
1.677 46.2390 17.4012
1.678 47.5082 18.6151
1.679 48.8300 19.9529
1.680 50.2039 21.4310
1.681 51.6288 23.0680
1.682 53.1018 24.8854
1.683 54.6178 26.9081
1.684 56.1689 29.1645
1.685 57.7433 31.6873
1.686 59.3240 34.5139
1.687 60.8868 37.6866
1.688 62.3980 41.2528
1.689 63.8120 45.2648
1.690 65.0667 49.7785
1.691 66.0797 54.8512
1.692 66.7427 60.5379
1.693 66.9160 66.8835
1.694 66.4240 73.9126
1.695 65.0524 81.6131
1.696 62.5522 89.9142
1.697 58.6530 98.6600
1.698 53.0925 107.582
1.699 45.6656 116.279
1.700 36.2909 124.222
1.701 25.0827 130.795
1.702 12.4011 135.386
1.703 -1.15093 137.507
1.704 -14.8053 136.915
1.705 -27.7649 133.680
1.706 -39.3528 128.162
1.707 -49.1183 120.918
1.708 -56.8698 112.577
1.709 -62.6407 103.725
1.710 -66.6196 94.8379
1.711 -69.0758 86.2584
1.712 -70.3002 78.2033
1.713 -70.5673 70.7882
1.714 -70.1162 64.0556
1.715 -69.1437 57.9993
1.716 -67.8063 52.5843
1.717 -66.2246 47.7602
1.718 -64.4898 43.4704
1.719 -62.6695 39.6578
1.720 -60.8132 36.2678
1.721 -58.9561 33.2502
1.722 -57.1232 30.5599
1.723 -55.3316 28.1566
1.724 -53.5926 26.0050
1.725 -51.9133 24.0744
1.726 -50.2977 22.3379
1.727 -48.7477 20.7720
1.728 -47.2634 19.3567
1.729 -45.8440 18.0744
1.730 -44.4880 16.9097
1.731 -43.1932 15.8494
1.732 -41.9572 14.8820
1.733 -40.7774 13.9973
1.734 -39.6512 13.1866
1.735 -38.5759 12.4421
1.736 -37.5488 11.7570
1.737 -36.5675 11.1254
1.738 -35.6294 10.5420
1.739 -34.7321 10.0022
1.740 -33.8735 9.50180
1.741 -33.0514 9.03721
1.742 -32.2638 8.60514
1.743 -31.5088 8.20271
1.744 -30.7845 7.82731
1.745 -30.0894 7.47663
1.746 -29.4219 7.14858
1.747 -28.7804 6.84129
1.748 -28.1637 6.55307
1.749 -27.5703 6.28241
1.750 -26.9990 6.02793
1.751 -26.4488 5.78839
1.752 -25.9186 5.56264
1.753 -25.4073 5.34968
1.754 -24.9140 5.14856
1.755 -24.4378 4.95844
1.756 -23.9778 4.77852
1.757 -23.5334 4.60812
1.758 -23.1037 4.44657
1.759 -22.6881 4.29328
1.760 -22.2859 4.14770
1.761 -21.8965 4.00932
1.762 -21.5194 3.87769
1.763 -21.1538 3.75238
1.764 -20.7995 3.63299
1.765 -20.4558 3.51916
1.766 -20.1223 3.41055
1.767 -19.7986 3.30685
1.768 -19.4842 3.20777
1.769 -19.1789 3.11304
1.770 -18.8821 3.02242
1.771 -18.5936 2.93567
1.772 -18.3130 2.85257
1.773 -18.0400 2.77292
1.774 -17.7743 2.69655
1.775 -17.5156 2.62326
1.776 -17.2637 2.55290
1.777 -17.0184 2.48532
1.778 -16.7792 2.42037
1.779 -16.5461 2.35791
1.780 -16.3188 2.29783
1.781 -16.0971 2.24000
1.782 -15.8808 2.18432
1.783 -15.6697 2.13068
1.784 -15.4636 2.07897
1.785 -15.2624 2.02912
1.786 -15.0658 1.98103
1.787 -14.8738 1.93461
1.788 -14.6861 1.88981
1.789 -14.5027 1.84653
1.790 -14.3233 1.80472
1.792 -13.9764 1.72522
1.793 -13.8085 1.68742
1.794 -13.6442 1.65084
1.795 -13.4834 1.61543
1.796 -13.3260 1.58115
1.797 -13.1718 1.54794
1.799 -12.8729 1.48457
1.800 -12.7279 1.45432
1.805 -12.0448 1.31608
1.810 -11.4243 1.19659
1.815 -10.8582 1.09261
1.820 -10.3397 1.00157
1.825 -9.86318 0.921427
1.830 -9.42368 0.850500
1.835 -9.01711 0.787435
1.840 -8.63992 0.731114
1.845 -8.28906 0.680609
1.850 -7.96188 0.635148
1.855 -7.65608 0.594082
1.860 -7.36963 0.556862
1.865 -7.10077 0.523024
1.870 -6.84793 0.492171
1.875 -6.60973 0.463961
1.880 -6.38494 0.438102
1.885 -6.17247 0.414340
1.890 -5.97133 0.392454
1.895 -5.78064 0.372252
1.900 -5.59962 0.353566
1.905 -5.42755 0.336248
1.910 -5.26378 0.320167
1.915 -5.10774 0.305209
1.920 -4.95889 0.291272
1.925 -4.81675 0.278265
1.930 -4.68087 0.266107
1.935 -4.55085 0.254725
1.940 -4.42633 0.244056
1.945 -4.30696 0.234041
1.950 -4.19244 0.224627
1.955 -4.08247 0.215767
1.960 -3.97678 0.207420
1.965 -3.87515 0.199545
1.970 -3.77733 0.192109
1.975 -3.68312 0.185078
1.980 -3.59232 0.178425
1.985 -3.50476 0.172123
1.990 -3.42026 0.166146
1.995 -3.33866 0.160475
2.000 -3.25983 0.155087
2.05 -2.59706 0.113374
2.10 -2.10226 0.0864091
2.15 -1.71908 0.0679821
2.20 -1.41382 0.0548378
2.25 -1.16507 0.0451361
2.30 -0.958623 0.0377733
2.35 -0.784641 0.0320552
2.40 -0.636120 0.0275269
2.45 -0.507927 0.0238807
2.50 -0.396219 0.0209022
2.55 -0.298063 0.0184384
2.60 -0.211177 0.0163777
2.65 -0.133764 0.0146372
2.70 -0.0643862 0.0131542
2.75 -0.00188160 0.0118807
2.80 0.0547003 0.0107794
2.85 0.106144 0.00982100
2.90 0.153103 0.00898203
2.95 0.196127 0.00824383
3.00 0.235679 0.00759123
3.05 0.272156 0.00701187
3.10 0.305899 0.00649559
3.15 0.337199 0.00603403
3.20 0.366315 0.00562027
3.25 0.393469 0.00524860
3.30 0.418860 0.00491433
3.35 0.442665 0.00461366
3.40 0.465044 0.00434368
3.45 0.486146 0.00410233
3.50 0.506109 0.00388855
3.55 0.525073 0.00370264
3.60 0.543181 0.00354699
3.65 0.560596 0.00342758
3.70 0.577527 0.00335765
3.75 0.594285 0.00336675
3.80 0.611409 0.00352768
3.85 0.630070 0.00405484
3.90 0.653600 0.00581439
3.95 0.697313 0.0156099
4.00 0.622558 0.342661
